{
 "cells": [
  {
   "cell_type": "markdown",
   "metadata": {},
   "source": [
    "# Pairs Trading"
   ]
  },
  {
   "cell_type": "markdown",
   "metadata": {},
   "source": [
    "Ming Wee G."
   ]
  },
  {
   "cell_type": "markdown",
   "metadata": {},
   "source": [
    "Pairs trading is a market-neutral trading strategy that involves identifying two assets (usually stocks) that have a high correlation. The core idea is to exploit temporary deviations from their historical price relationship by trading the pair, with the expectation that the prices will revert to their mean over time.\n",
    "\n",
    "Once the pair is selected, the price ratio between the two assets is calculated, for instance, (price of stock A) / (price of stock B) at time t.\n",
    "\n",
    "Pairs trading is based on the mean-reversion principle, which assumes that the price ratio between the two assets will revert to its historical mean. When the ratio deviates from the mean, it is expected to eventually return, offering a trading opportunity.\n",
    "\n",
    "Buy Signal: When the ratio deviates below its historical mean by a certain threshold (e.g., one standard deviation), it signals that one asset (e.g., Stock A) is undervalued relative to the other (e.g., Stock B). The strategy suggests buying Stock A and shorting Stock B, betting that the ratio will increase back toward the mean.\n",
    "\n",
    "Sell Signal: Conversely, when the ratio exceeds its historical mean by a certain threshold, it indicates that one asset (e.g., Stock A) is overvalued relative to the other (e.g., Stock B). The strategy suggests shorting Stock A and buying Stock B, anticipating that the ratio will decrease back toward the mean."
   ]
  },
  {
   "cell_type": "code",
   "execution_count": 1,
   "metadata": {},
   "outputs": [],
   "source": [
    "import numpy as np\n",
    "import pandas as pd\n",
    "import statsmodels\n",
    "import statsmodels.api as sm\n",
    "from statsmodels.tsa.stattools import coint, adfuller\n",
    "import warnings\n",
    "\n",
    "warnings.filterwarnings('ignore')\n",
    "\n",
    "import matplotlib.pyplot as plt\n",
    "import seaborn as sns; sns.set(style=\"whitegrid\")\n",
    "import pandas_datareader as pdr\n",
    "from datetime import datetime\n",
    "import yfinance as yf"
   ]
  },
  {
   "cell_type": "markdown",
   "metadata": {},
   "source": [
    "### Importing Data"
   ]
  },
  {
   "cell_type": "markdown",
   "metadata": {},
   "source": [
    "We first import stock price data from Yahoo Finance from 2023/08/11 to 2024/08/11, a one year time period. "
   ]
  },
  {
   "cell_type": "code",
   "execution_count": 2,
   "metadata": {},
   "outputs": [
    {
     "name": "stderr",
     "output_type": "stream",
     "text": [
      "[*********************100%%**********************]  1 of 1 completed\n",
      "[*********************100%%**********************]  1 of 1 completed\n",
      "[*********************100%%**********************]  1 of 1 completed\n",
      "[*********************100%%**********************]  1 of 1 completed\n",
      "[*********************100%%**********************]  1 of 1 completed\n",
      "[*********************100%%**********************]  1 of 1 completed\n",
      "[*********************100%%**********************]  1 of 1 completed\n",
      "[*********************100%%**********************]  1 of 1 completed\n",
      "[*********************100%%**********************]  1 of 1 completed\n",
      "[*********************100%%**********************]  1 of 1 completed\n",
      "[*********************100%%**********************]  1 of 1 completed\n",
      "[*********************100%%**********************]  1 of 1 completed\n",
      "[*********************100%%**********************]  1 of 1 completed\n",
      "[*********************100%%**********************]  1 of 1 completed\n",
      "[*********************100%%**********************]  1 of 1 completed\n"
     ]
    },
    {
     "data": {
      "text/html": [
       "<div>\n",
       "<style scoped>\n",
       "    .dataframe tbody tr th:only-of-type {\n",
       "        vertical-align: middle;\n",
       "    }\n",
       "\n",
       "    .dataframe tbody tr th {\n",
       "        vertical-align: top;\n",
       "    }\n",
       "\n",
       "    .dataframe thead th {\n",
       "        text-align: right;\n",
       "    }\n",
       "</style>\n",
       "<table border=\"1\" class=\"dataframe\">\n",
       "  <thead>\n",
       "    <tr style=\"text-align: right;\">\n",
       "      <th></th>\n",
       "      <th>DPZ</th>\n",
       "      <th>AAPL</th>\n",
       "      <th>GOOG</th>\n",
       "      <th>AMD</th>\n",
       "      <th>GME</th>\n",
       "      <th>SPY</th>\n",
       "      <th>NFLX</th>\n",
       "      <th>BA</th>\n",
       "      <th>WMT</th>\n",
       "      <th>GS</th>\n",
       "      <th>XOM</th>\n",
       "      <th>NKE</th>\n",
       "      <th>META</th>\n",
       "      <th>BRK-B</th>\n",
       "      <th>MSFT</th>\n",
       "    </tr>\n",
       "    <tr>\n",
       "      <th>Date</th>\n",
       "      <th></th>\n",
       "      <th></th>\n",
       "      <th></th>\n",
       "      <th></th>\n",
       "      <th></th>\n",
       "      <th></th>\n",
       "      <th></th>\n",
       "      <th></th>\n",
       "      <th></th>\n",
       "      <th></th>\n",
       "      <th></th>\n",
       "      <th></th>\n",
       "      <th></th>\n",
       "      <th></th>\n",
       "      <th></th>\n",
       "    </tr>\n",
       "  </thead>\n",
       "  <tbody>\n",
       "    <tr>\n",
       "      <th>2023-08-11</th>\n",
       "      <td>389.363983</td>\n",
       "      <td>176.884857</td>\n",
       "      <td>130.022034</td>\n",
       "      <td>107.570000</td>\n",
       "      <td>20.190001</td>\n",
       "      <td>439.502502</td>\n",
       "      <td>421.660004</td>\n",
       "      <td>235.720001</td>\n",
       "      <td>53.017635</td>\n",
       "      <td>330.799927</td>\n",
       "      <td>107.163330</td>\n",
       "      <td>106.568504</td>\n",
       "      <td>301.021454</td>\n",
       "      <td>358.350006</td>\n",
       "      <td>317.945282</td>\n",
       "    </tr>\n",
       "    <tr>\n",
       "      <th>2023-08-14</th>\n",
       "      <td>392.742279</td>\n",
       "      <td>178.546371</td>\n",
       "      <td>131.680161</td>\n",
       "      <td>111.980003</td>\n",
       "      <td>19.959999</td>\n",
       "      <td>441.928589</td>\n",
       "      <td>427.779999</td>\n",
       "      <td>236.710007</td>\n",
       "      <td>52.622963</td>\n",
       "      <td>327.897064</td>\n",
       "      <td>107.249557</td>\n",
       "      <td>106.124840</td>\n",
       "      <td>305.562103</td>\n",
       "      <td>358.480011</td>\n",
       "      <td>320.946350</td>\n",
       "    </tr>\n",
       "    <tr>\n",
       "      <th>2023-08-15</th>\n",
       "      <td>389.018250</td>\n",
       "      <td>176.546600</td>\n",
       "      <td>130.121933</td>\n",
       "      <td>111.349998</td>\n",
       "      <td>19.330000</td>\n",
       "      <td>436.780579</td>\n",
       "      <td>423.700012</td>\n",
       "      <td>232.259995</td>\n",
       "      <td>52.353271</td>\n",
       "      <td>322.528198</td>\n",
       "      <td>104.496117</td>\n",
       "      <td>105.050194</td>\n",
       "      <td>301.330780</td>\n",
       "      <td>354.500000</td>\n",
       "      <td>318.787109</td>\n",
       "    </tr>\n",
       "    <tr>\n",
       "      <th>2023-08-16</th>\n",
       "      <td>384.365662</td>\n",
       "      <td>175.671082</td>\n",
       "      <td>128.963242</td>\n",
       "      <td>107.190002</td>\n",
       "      <td>18.590000</td>\n",
       "      <td>433.575409</td>\n",
       "      <td>415.450012</td>\n",
       "      <td>229.949997</td>\n",
       "      <td>52.379581</td>\n",
       "      <td>319.518524</td>\n",
       "      <td>102.737762</td>\n",
       "      <td>105.030464</td>\n",
       "      <td>293.686493</td>\n",
       "      <td>354.109985</td>\n",
       "      <td>318.012970</td>\n",
       "    </tr>\n",
       "    <tr>\n",
       "      <th>2023-08-17</th>\n",
       "      <td>377.638672</td>\n",
       "      <td>173.114151</td>\n",
       "      <td>130.311722</td>\n",
       "      <td>104.440002</td>\n",
       "      <td>18.379999</td>\n",
       "      <td>430.271606</td>\n",
       "      <td>403.000000</td>\n",
       "      <td>224.539993</td>\n",
       "      <td>51.205429</td>\n",
       "      <td>317.974884</td>\n",
       "      <td>104.727982</td>\n",
       "      <td>103.571297</td>\n",
       "      <td>284.505371</td>\n",
       "      <td>353.190002</td>\n",
       "      <td>314.519226</td>\n",
       "    </tr>\n",
       "    <tr>\n",
       "      <th>...</th>\n",
       "      <td>...</td>\n",
       "      <td>...</td>\n",
       "      <td>...</td>\n",
       "      <td>...</td>\n",
       "      <td>...</td>\n",
       "      <td>...</td>\n",
       "      <td>...</td>\n",
       "      <td>...</td>\n",
       "      <td>...</td>\n",
       "      <td>...</td>\n",
       "      <td>...</td>\n",
       "      <td>...</td>\n",
       "      <td>...</td>\n",
       "      <td>...</td>\n",
       "      <td>...</td>\n",
       "    </tr>\n",
       "    <tr>\n",
       "      <th>2024-08-05</th>\n",
       "      <td>429.220001</td>\n",
       "      <td>209.028061</td>\n",
       "      <td>160.639999</td>\n",
       "      <td>134.820007</td>\n",
       "      <td>20.650000</td>\n",
       "      <td>517.380005</td>\n",
       "      <td>598.549988</td>\n",
       "      <td>167.029999</td>\n",
       "      <td>67.397888</td>\n",
       "      <td>459.019989</td>\n",
       "      <td>113.853378</td>\n",
       "      <td>71.419998</td>\n",
       "      <td>475.730011</td>\n",
       "      <td>413.720001</td>\n",
       "      <td>394.439056</td>\n",
       "    </tr>\n",
       "    <tr>\n",
       "      <th>2024-08-06</th>\n",
       "      <td>428.980011</td>\n",
       "      <td>206.990402</td>\n",
       "      <td>160.539993</td>\n",
       "      <td>130.179993</td>\n",
       "      <td>21.280001</td>\n",
       "      <td>522.150024</td>\n",
       "      <td>609.570007</td>\n",
       "      <td>165.039993</td>\n",
       "      <td>67.547462</td>\n",
       "      <td>470.220001</td>\n",
       "      <td>113.248260</td>\n",
       "      <td>72.500000</td>\n",
       "      <td>494.089996</td>\n",
       "      <td>422.140015</td>\n",
       "      <td>398.891022</td>\n",
       "    </tr>\n",
       "    <tr>\n",
       "      <th>2024-08-07</th>\n",
       "      <td>427.570007</td>\n",
       "      <td>209.577423</td>\n",
       "      <td>160.750000</td>\n",
       "      <td>128.669998</td>\n",
       "      <td>20.830000</td>\n",
       "      <td>518.659973</td>\n",
       "      <td>611.479980</td>\n",
       "      <td>163.240005</td>\n",
       "      <td>66.719826</td>\n",
       "      <td>473.010010</td>\n",
       "      <td>114.756119</td>\n",
       "      <td>72.620003</td>\n",
       "      <td>488.920013</td>\n",
       "      <td>427.019989</td>\n",
       "      <td>397.713165</td>\n",
       "    </tr>\n",
       "    <tr>\n",
       "      <th>2024-08-08</th>\n",
       "      <td>437.609985</td>\n",
       "      <td>213.063385</td>\n",
       "      <td>163.839996</td>\n",
       "      <td>136.320007</td>\n",
       "      <td>21.750000</td>\n",
       "      <td>530.650024</td>\n",
       "      <td>630.349976</td>\n",
       "      <td>168.869995</td>\n",
       "      <td>67.467690</td>\n",
       "      <td>485.769989</td>\n",
       "      <td>116.948463</td>\n",
       "      <td>74.190002</td>\n",
       "      <td>509.630005</td>\n",
       "      <td>431.540009</td>\n",
       "      <td>401.965485</td>\n",
       "    </tr>\n",
       "    <tr>\n",
       "      <th>2024-08-09</th>\n",
       "      <td>438.399994</td>\n",
       "      <td>215.990005</td>\n",
       "      <td>165.389999</td>\n",
       "      <td>134.270004</td>\n",
       "      <td>21.930000</td>\n",
       "      <td>532.989990</td>\n",
       "      <td>633.940002</td>\n",
       "      <td>167.910004</td>\n",
       "      <td>67.756859</td>\n",
       "      <td>490.260010</td>\n",
       "      <td>117.900795</td>\n",
       "      <td>74.339996</td>\n",
       "      <td>517.770020</td>\n",
       "      <td>431.670013</td>\n",
       "      <td>405.289490</td>\n",
       "    </tr>\n",
       "  </tbody>\n",
       "</table>\n",
       "<p>251 rows × 15 columns</p>\n",
       "</div>"
      ],
      "text/plain": [
       "                   DPZ        AAPL        GOOG         AMD        GME  \\\n",
       "Date                                                                    \n",
       "2023-08-11  389.363983  176.884857  130.022034  107.570000  20.190001   \n",
       "2023-08-14  392.742279  178.546371  131.680161  111.980003  19.959999   \n",
       "2023-08-15  389.018250  176.546600  130.121933  111.349998  19.330000   \n",
       "2023-08-16  384.365662  175.671082  128.963242  107.190002  18.590000   \n",
       "2023-08-17  377.638672  173.114151  130.311722  104.440002  18.379999   \n",
       "...                ...         ...         ...         ...        ...   \n",
       "2024-08-05  429.220001  209.028061  160.639999  134.820007  20.650000   \n",
       "2024-08-06  428.980011  206.990402  160.539993  130.179993  21.280001   \n",
       "2024-08-07  427.570007  209.577423  160.750000  128.669998  20.830000   \n",
       "2024-08-08  437.609985  213.063385  163.839996  136.320007  21.750000   \n",
       "2024-08-09  438.399994  215.990005  165.389999  134.270004  21.930000   \n",
       "\n",
       "                   SPY        NFLX          BA        WMT          GS  \\\n",
       "Date                                                                    \n",
       "2023-08-11  439.502502  421.660004  235.720001  53.017635  330.799927   \n",
       "2023-08-14  441.928589  427.779999  236.710007  52.622963  327.897064   \n",
       "2023-08-15  436.780579  423.700012  232.259995  52.353271  322.528198   \n",
       "2023-08-16  433.575409  415.450012  229.949997  52.379581  319.518524   \n",
       "2023-08-17  430.271606  403.000000  224.539993  51.205429  317.974884   \n",
       "...                ...         ...         ...        ...         ...   \n",
       "2024-08-05  517.380005  598.549988  167.029999  67.397888  459.019989   \n",
       "2024-08-06  522.150024  609.570007  165.039993  67.547462  470.220001   \n",
       "2024-08-07  518.659973  611.479980  163.240005  66.719826  473.010010   \n",
       "2024-08-08  530.650024  630.349976  168.869995  67.467690  485.769989   \n",
       "2024-08-09  532.989990  633.940002  167.910004  67.756859  490.260010   \n",
       "\n",
       "                   XOM         NKE        META       BRK-B        MSFT  \n",
       "Date                                                                    \n",
       "2023-08-11  107.163330  106.568504  301.021454  358.350006  317.945282  \n",
       "2023-08-14  107.249557  106.124840  305.562103  358.480011  320.946350  \n",
       "2023-08-15  104.496117  105.050194  301.330780  354.500000  318.787109  \n",
       "2023-08-16  102.737762  105.030464  293.686493  354.109985  318.012970  \n",
       "2023-08-17  104.727982  103.571297  284.505371  353.190002  314.519226  \n",
       "...                ...         ...         ...         ...         ...  \n",
       "2024-08-05  113.853378   71.419998  475.730011  413.720001  394.439056  \n",
       "2024-08-06  113.248260   72.500000  494.089996  422.140015  398.891022  \n",
       "2024-08-07  114.756119   72.620003  488.920013  427.019989  397.713165  \n",
       "2024-08-08  116.948463   74.190002  509.630005  431.540009  401.965485  \n",
       "2024-08-09  117.900795   74.339996  517.770020  431.670013  405.289490  \n",
       "\n",
       "[251 rows x 15 columns]"
      ]
     },
     "execution_count": 2,
     "metadata": {},
     "output_type": "execute_result"
    }
   ],
   "source": [
    "def get_historical_data(tickers):\n",
    "    df = pd.DataFrame()\n",
    "    names = []\n",
    "    for ticker in tickers:\n",
    "        df = pd.concat([df, pd.DataFrame(yf.download(ticker, start=datetime(2023, 8, 11), end=datetime(2024, 8, 11)).iloc[:,4])], axis=1)\n",
    "        names.append(ticker)\n",
    "    df.columns = names\n",
    "    return df\n",
    "\n",
    "companies = [\"DPZ\", \"AAPL\", \"GOOG\", \"AMD\", \"GME\", \"SPY\", \"NFLX\", \"BA\", \"WMT\",\"GS\",\"XOM\",\"NKE\",\"META\",\"BRK-B\", \"MSFT\"]\n",
    "df = get_historical_data(companies)\n",
    "df"
   ]
  },
  {
   "cell_type": "markdown",
   "metadata": {},
   "source": [
    "### Choosing the pair of stocks based on correlation & cointegration"
   ]
  },
  {
   "cell_type": "code",
   "execution_count": 13,
   "metadata": {},
   "outputs": [
    {
     "data": {
      "text/html": [
       "<div>\n",
       "<style scoped>\n",
       "    .dataframe tbody tr th:only-of-type {\n",
       "        vertical-align: middle;\n",
       "    }\n",
       "\n",
       "    .dataframe tbody tr th {\n",
       "        vertical-align: top;\n",
       "    }\n",
       "\n",
       "    .dataframe thead th {\n",
       "        text-align: right;\n",
       "    }\n",
       "</style>\n",
       "<table border=\"1\" class=\"dataframe\">\n",
       "  <thead>\n",
       "    <tr style=\"text-align: right;\">\n",
       "      <th></th>\n",
       "      <th>DPZ</th>\n",
       "      <th>AAPL</th>\n",
       "      <th>GOOG</th>\n",
       "      <th>AMD</th>\n",
       "      <th>GME</th>\n",
       "      <th>SPY</th>\n",
       "      <th>NFLX</th>\n",
       "      <th>BA</th>\n",
       "      <th>WMT</th>\n",
       "      <th>GS</th>\n",
       "      <th>XOM</th>\n",
       "      <th>NKE</th>\n",
       "      <th>META</th>\n",
       "      <th>BRK-B</th>\n",
       "      <th>MSFT</th>\n",
       "    </tr>\n",
       "  </thead>\n",
       "  <tbody>\n",
       "    <tr>\n",
       "      <th>DPZ</th>\n",
       "      <td>1.000000</td>\n",
       "      <td>0.282283</td>\n",
       "      <td>0.818216</td>\n",
       "      <td>0.712851</td>\n",
       "      <td>0.397399</td>\n",
       "      <td>0.858452</td>\n",
       "      <td>0.869677</td>\n",
       "      <td>-0.483162</td>\n",
       "      <td>0.725886</td>\n",
       "      <td>0.818478</td>\n",
       "      <td>0.567946</td>\n",
       "      <td>-0.409460</td>\n",
       "      <td>0.840832</td>\n",
       "      <td>0.788109</td>\n",
       "      <td>0.823935</td>\n",
       "    </tr>\n",
       "    <tr>\n",
       "      <th>AAPL</th>\n",
       "      <td>0.282283</td>\n",
       "      <td>1.000000</td>\n",
       "      <td>0.662639</td>\n",
       "      <td>0.200007</td>\n",
       "      <td>0.653950</td>\n",
       "      <td>0.588767</td>\n",
       "      <td>0.492384</td>\n",
       "      <td>-0.050413</td>\n",
       "      <td>0.633034</td>\n",
       "      <td>0.649213</td>\n",
       "      <td>0.084107</td>\n",
       "      <td>-0.479627</td>\n",
       "      <td>0.350954</td>\n",
       "      <td>0.442626</td>\n",
       "      <td>0.545351</td>\n",
       "    </tr>\n",
       "    <tr>\n",
       "      <th>GOOG</th>\n",
       "      <td>0.818216</td>\n",
       "      <td>0.662639</td>\n",
       "      <td>1.000000</td>\n",
       "      <td>0.512713</td>\n",
       "      <td>0.613270</td>\n",
       "      <td>0.880606</td>\n",
       "      <td>0.826100</td>\n",
       "      <td>-0.566992</td>\n",
       "      <td>0.891466</td>\n",
       "      <td>0.908316</td>\n",
       "      <td>0.606756</td>\n",
       "      <td>-0.685882</td>\n",
       "      <td>0.762468</td>\n",
       "      <td>0.785212</td>\n",
       "      <td>0.820501</td>\n",
       "    </tr>\n",
       "    <tr>\n",
       "      <th>AMD</th>\n",
       "      <td>0.712851</td>\n",
       "      <td>0.200007</td>\n",
       "      <td>0.512713</td>\n",
       "      <td>1.000000</td>\n",
       "      <td>0.106165</td>\n",
       "      <td>0.792906</td>\n",
       "      <td>0.828788</td>\n",
       "      <td>-0.248177</td>\n",
       "      <td>0.529630</td>\n",
       "      <td>0.650896</td>\n",
       "      <td>0.129840</td>\n",
       "      <td>-0.188082</td>\n",
       "      <td>0.852361</td>\n",
       "      <td>0.738393</td>\n",
       "      <td>0.844798</td>\n",
       "    </tr>\n",
       "    <tr>\n",
       "      <th>GME</th>\n",
       "      <td>0.397399</td>\n",
       "      <td>0.653950</td>\n",
       "      <td>0.613270</td>\n",
       "      <td>0.106165</td>\n",
       "      <td>1.000000</td>\n",
       "      <td>0.484393</td>\n",
       "      <td>0.404697</td>\n",
       "      <td>-0.146827</td>\n",
       "      <td>0.586264</td>\n",
       "      <td>0.565014</td>\n",
       "      <td>0.318094</td>\n",
       "      <td>-0.432755</td>\n",
       "      <td>0.283356</td>\n",
       "      <td>0.389368</td>\n",
       "      <td>0.353069</td>\n",
       "    </tr>\n",
       "    <tr>\n",
       "      <th>SPY</th>\n",
       "      <td>0.858452</td>\n",
       "      <td>0.588767</td>\n",
       "      <td>0.880606</td>\n",
       "      <td>0.792906</td>\n",
       "      <td>0.484393</td>\n",
       "      <td>1.000000</td>\n",
       "      <td>0.972012</td>\n",
       "      <td>-0.458278</td>\n",
       "      <td>0.891648</td>\n",
       "      <td>0.960084</td>\n",
       "      <td>0.498854</td>\n",
       "      <td>-0.587460</td>\n",
       "      <td>0.935654</td>\n",
       "      <td>0.942514</td>\n",
       "      <td>0.952861</td>\n",
       "    </tr>\n",
       "    <tr>\n",
       "      <th>NFLX</th>\n",
       "      <td>0.869677</td>\n",
       "      <td>0.492384</td>\n",
       "      <td>0.826100</td>\n",
       "      <td>0.828788</td>\n",
       "      <td>0.404697</td>\n",
       "      <td>0.972012</td>\n",
       "      <td>1.000000</td>\n",
       "      <td>-0.482653</td>\n",
       "      <td>0.854956</td>\n",
       "      <td>0.903919</td>\n",
       "      <td>0.469732</td>\n",
       "      <td>-0.508794</td>\n",
       "      <td>0.955726</td>\n",
       "      <td>0.921504</td>\n",
       "      <td>0.963226</td>\n",
       "    </tr>\n",
       "    <tr>\n",
       "      <th>BA</th>\n",
       "      <td>-0.483162</td>\n",
       "      <td>-0.050413</td>\n",
       "      <td>-0.566992</td>\n",
       "      <td>-0.248177</td>\n",
       "      <td>-0.146827</td>\n",
       "      <td>-0.458278</td>\n",
       "      <td>-0.482653</td>\n",
       "      <td>1.000000</td>\n",
       "      <td>-0.663033</td>\n",
       "      <td>-0.448122</td>\n",
       "      <td>-0.719962</td>\n",
       "      <td>0.677980</td>\n",
       "      <td>-0.573214</td>\n",
       "      <td>-0.552256</td>\n",
       "      <td>-0.427746</td>\n",
       "    </tr>\n",
       "    <tr>\n",
       "      <th>WMT</th>\n",
       "      <td>0.725886</td>\n",
       "      <td>0.633034</td>\n",
       "      <td>0.891466</td>\n",
       "      <td>0.529630</td>\n",
       "      <td>0.586264</td>\n",
       "      <td>0.891648</td>\n",
       "      <td>0.854956</td>\n",
       "      <td>-0.663033</td>\n",
       "      <td>1.000000</td>\n",
       "      <td>0.897651</td>\n",
       "      <td>0.655283</td>\n",
       "      <td>-0.787719</td>\n",
       "      <td>0.817265</td>\n",
       "      <td>0.872926</td>\n",
       "      <td>0.801229</td>\n",
       "    </tr>\n",
       "    <tr>\n",
       "      <th>GS</th>\n",
       "      <td>0.818478</td>\n",
       "      <td>0.649213</td>\n",
       "      <td>0.908316</td>\n",
       "      <td>0.650896</td>\n",
       "      <td>0.565014</td>\n",
       "      <td>0.960084</td>\n",
       "      <td>0.903919</td>\n",
       "      <td>-0.448122</td>\n",
       "      <td>0.897651</td>\n",
       "      <td>1.000000</td>\n",
       "      <td>0.540187</td>\n",
       "      <td>-0.650548</td>\n",
       "      <td>0.845512</td>\n",
       "      <td>0.907080</td>\n",
       "      <td>0.877756</td>\n",
       "    </tr>\n",
       "    <tr>\n",
       "      <th>XOM</th>\n",
       "      <td>0.567946</td>\n",
       "      <td>0.084107</td>\n",
       "      <td>0.606756</td>\n",
       "      <td>0.129840</td>\n",
       "      <td>0.318094</td>\n",
       "      <td>0.498854</td>\n",
       "      <td>0.469732</td>\n",
       "      <td>-0.719962</td>\n",
       "      <td>0.655283</td>\n",
       "      <td>0.540187</td>\n",
       "      <td>1.000000</td>\n",
       "      <td>-0.730832</td>\n",
       "      <td>0.502935</td>\n",
       "      <td>0.618715</td>\n",
       "      <td>0.340042</td>\n",
       "    </tr>\n",
       "    <tr>\n",
       "      <th>NKE</th>\n",
       "      <td>-0.409460</td>\n",
       "      <td>-0.479627</td>\n",
       "      <td>-0.685882</td>\n",
       "      <td>-0.188082</td>\n",
       "      <td>-0.432755</td>\n",
       "      <td>-0.587460</td>\n",
       "      <td>-0.508794</td>\n",
       "      <td>0.677980</td>\n",
       "      <td>-0.787719</td>\n",
       "      <td>-0.650548</td>\n",
       "      <td>-0.730832</td>\n",
       "      <td>1.000000</td>\n",
       "      <td>-0.517034</td>\n",
       "      <td>-0.653505</td>\n",
       "      <td>-0.443607</td>\n",
       "    </tr>\n",
       "    <tr>\n",
       "      <th>META</th>\n",
       "      <td>0.840832</td>\n",
       "      <td>0.350954</td>\n",
       "      <td>0.762468</td>\n",
       "      <td>0.852361</td>\n",
       "      <td>0.283356</td>\n",
       "      <td>0.935654</td>\n",
       "      <td>0.955726</td>\n",
       "      <td>-0.573214</td>\n",
       "      <td>0.817265</td>\n",
       "      <td>0.845512</td>\n",
       "      <td>0.502935</td>\n",
       "      <td>-0.517034</td>\n",
       "      <td>1.000000</td>\n",
       "      <td>0.922845</td>\n",
       "      <td>0.927185</td>\n",
       "    </tr>\n",
       "    <tr>\n",
       "      <th>BRK-B</th>\n",
       "      <td>0.788109</td>\n",
       "      <td>0.442626</td>\n",
       "      <td>0.785212</td>\n",
       "      <td>0.738393</td>\n",
       "      <td>0.389368</td>\n",
       "      <td>0.942514</td>\n",
       "      <td>0.921504</td>\n",
       "      <td>-0.552256</td>\n",
       "      <td>0.872926</td>\n",
       "      <td>0.907080</td>\n",
       "      <td>0.618715</td>\n",
       "      <td>-0.653505</td>\n",
       "      <td>0.922845</td>\n",
       "      <td>1.000000</td>\n",
       "      <td>0.860925</td>\n",
       "    </tr>\n",
       "    <tr>\n",
       "      <th>MSFT</th>\n",
       "      <td>0.823935</td>\n",
       "      <td>0.545351</td>\n",
       "      <td>0.820501</td>\n",
       "      <td>0.844798</td>\n",
       "      <td>0.353069</td>\n",
       "      <td>0.952861</td>\n",
       "      <td>0.963226</td>\n",
       "      <td>-0.427746</td>\n",
       "      <td>0.801229</td>\n",
       "      <td>0.877756</td>\n",
       "      <td>0.340042</td>\n",
       "      <td>-0.443607</td>\n",
       "      <td>0.927185</td>\n",
       "      <td>0.860925</td>\n",
       "      <td>1.000000</td>\n",
       "    </tr>\n",
       "  </tbody>\n",
       "</table>\n",
       "</div>"
      ],
      "text/plain": [
       "            DPZ      AAPL      GOOG       AMD       GME       SPY      NFLX  \\\n",
       "DPZ    1.000000  0.282283  0.818216  0.712851  0.397399  0.858452  0.869677   \n",
       "AAPL   0.282283  1.000000  0.662639  0.200007  0.653950  0.588767  0.492384   \n",
       "GOOG   0.818216  0.662639  1.000000  0.512713  0.613270  0.880606  0.826100   \n",
       "AMD    0.712851  0.200007  0.512713  1.000000  0.106165  0.792906  0.828788   \n",
       "GME    0.397399  0.653950  0.613270  0.106165  1.000000  0.484393  0.404697   \n",
       "SPY    0.858452  0.588767  0.880606  0.792906  0.484393  1.000000  0.972012   \n",
       "NFLX   0.869677  0.492384  0.826100  0.828788  0.404697  0.972012  1.000000   \n",
       "BA    -0.483162 -0.050413 -0.566992 -0.248177 -0.146827 -0.458278 -0.482653   \n",
       "WMT    0.725886  0.633034  0.891466  0.529630  0.586264  0.891648  0.854956   \n",
       "GS     0.818478  0.649213  0.908316  0.650896  0.565014  0.960084  0.903919   \n",
       "XOM    0.567946  0.084107  0.606756  0.129840  0.318094  0.498854  0.469732   \n",
       "NKE   -0.409460 -0.479627 -0.685882 -0.188082 -0.432755 -0.587460 -0.508794   \n",
       "META   0.840832  0.350954  0.762468  0.852361  0.283356  0.935654  0.955726   \n",
       "BRK-B  0.788109  0.442626  0.785212  0.738393  0.389368  0.942514  0.921504   \n",
       "MSFT   0.823935  0.545351  0.820501  0.844798  0.353069  0.952861  0.963226   \n",
       "\n",
       "             BA       WMT        GS       XOM       NKE      META     BRK-B  \\\n",
       "DPZ   -0.483162  0.725886  0.818478  0.567946 -0.409460  0.840832  0.788109   \n",
       "AAPL  -0.050413  0.633034  0.649213  0.084107 -0.479627  0.350954  0.442626   \n",
       "GOOG  -0.566992  0.891466  0.908316  0.606756 -0.685882  0.762468  0.785212   \n",
       "AMD   -0.248177  0.529630  0.650896  0.129840 -0.188082  0.852361  0.738393   \n",
       "GME   -0.146827  0.586264  0.565014  0.318094 -0.432755  0.283356  0.389368   \n",
       "SPY   -0.458278  0.891648  0.960084  0.498854 -0.587460  0.935654  0.942514   \n",
       "NFLX  -0.482653  0.854956  0.903919  0.469732 -0.508794  0.955726  0.921504   \n",
       "BA     1.000000 -0.663033 -0.448122 -0.719962  0.677980 -0.573214 -0.552256   \n",
       "WMT   -0.663033  1.000000  0.897651  0.655283 -0.787719  0.817265  0.872926   \n",
       "GS    -0.448122  0.897651  1.000000  0.540187 -0.650548  0.845512  0.907080   \n",
       "XOM   -0.719962  0.655283  0.540187  1.000000 -0.730832  0.502935  0.618715   \n",
       "NKE    0.677980 -0.787719 -0.650548 -0.730832  1.000000 -0.517034 -0.653505   \n",
       "META  -0.573214  0.817265  0.845512  0.502935 -0.517034  1.000000  0.922845   \n",
       "BRK-B -0.552256  0.872926  0.907080  0.618715 -0.653505  0.922845  1.000000   \n",
       "MSFT  -0.427746  0.801229  0.877756  0.340042 -0.443607  0.927185  0.860925   \n",
       "\n",
       "           MSFT  \n",
       "DPZ    0.823935  \n",
       "AAPL   0.545351  \n",
       "GOOG   0.820501  \n",
       "AMD    0.844798  \n",
       "GME    0.353069  \n",
       "SPY    0.952861  \n",
       "NFLX   0.963226  \n",
       "BA    -0.427746  \n",
       "WMT    0.801229  \n",
       "GS     0.877756  \n",
       "XOM    0.340042  \n",
       "NKE   -0.443607  \n",
       "META   0.927185  \n",
       "BRK-B  0.860925  \n",
       "MSFT   1.000000  "
      ]
     },
     "execution_count": 13,
     "metadata": {},
     "output_type": "execute_result"
    }
   ],
   "source": [
    "corr_matrix = df.corr()\n",
    "corr_matrix"
   ]
  },
  {
   "cell_type": "code",
   "execution_count": 14,
   "metadata": {},
   "outputs": [
    {
     "data": {
      "text/plain": [
       "<AxesSubplot:>"
      ]
     },
     "execution_count": 14,
     "metadata": {},
     "output_type": "execute_result"
    },
    {
     "data": {
